,periodEndDate,totalRevenue,incomeBeforeTaxes,interestExpense,depreciationAmortizationExpense,totalOperatingExpenses,retainedEarnings,commonStock,inventoriesNet,totalReceivablesNet,cashAndCashEquivalents,longTermInvestments,deferredIncomeTaxesCurrent,totalAssets,otherOperatingExpenses,netIncome,shortTermBorrowings,accountsPayable,otherCurrentLiabilities,propertyPlantEquipmentNet,intangibleAssets,otherCurrentAssets,incomeTaxes,incomeAfterTaxes,LOANS_AND_ADVANCES,longTermDebt,shortTermInvestments,otherLiabilities,costOfRevenue,id,ann,qtr,ttm,fiscalQuarter,currency,preliminaryType
0,2008-03-31,3025.053,33.565,166.139,155.105,2991.488,,,,,,,,,,,,,,,,,,,,,,,,1924540,True,False,False,1,32,False
1,2006-09-30,1391602.371,-52767.69,61688.574,98828.079,1444370.061,,,,,,,,,,,,,,,,,,,,,,,,1924540,True,False,False,3,32,False
2,2010-03-31,,,,733138.205,,1565381.692,301221.328,187444.793,106623.971,179519.696,,,,,,,,,,,,,,,,,,,1924540,True,False,False,1,32,False
3,2009-03-31,,,,640261.464,,1619481.093,3365672.48,166765.552,,83951.81,899240.066,49700.0,3365672.48,,,,,,,,,,,,,,,,1924540,True,False,False,1,32,False
4,2009-03-31,1817419.816,-100729.71,101644.261,76406.0,1918149.526,,,,,,,,,,,,,,,,,,,,,,,,1924540,True,False,False,1,32,False
5,2019-03-31,39559.885,4238.56,179.551,228.02,35321.325,5136.298,100.0,,,11852.133,,169.377,14868.476,7213.784,3178.214,2500.0,1508.553,4950.954,811.647,15.754,103.478,1060.3460000000005,3178.214,,,,,,1924558,True,False,False,1,32,False
6,2018-03-31,26028.456,2864.883,,52.671,23163.573,1958.085,100.0,,,9729.157,,39.158,11440.634,6258.943,1958.085,,997.54,7174.864,431.613,7.985,,906.7979999999998,1958.085,1152.721,,,,,1924558,True,False,False,1,32,False
7,2020-03-31,94633.916,9133.015,,815.185,85500.901,12078.731,100.0,,1575.886,5448.558,,611.817,16825.952,18221.796,6942.433,,513.389,1845.457,2808.702,,3113.862,2190.5819999999994,6942.433,,,,,,1924558,True,False,False,1,32,False
8,2006-03-31,,,,421.905,,572.246,1957.354,235.559,,354.964,8.707,,1957.354,,,,,,,,,,,,,,,,1927342,True,False,False,1,32,False
9,2007-03-31,,,,567.555,,577.503,2477.684,384.023,,110.044,8.547,,2477.684,,,,,,,,,,,,,,,,1927342,True,False,False,1,32,False
10,2008-03-31,,,,688345.03,,555460.722,2003403.919,300600.522,,104544.744,173097.8,,2003403.919,,,,,,,,,,,,,,,,1927342,True,False,False,1,32,False
11,2006-03-31,2070.702,140.016,58.482,107.353,1930.685,,,,,,,,,,,,,,,,,,,,,,,,1927342,True,False,False,1,32,False
12,2008-03-31,3846758.511,-71442.408,155967.998,199403.45,3918200.919,,,,,,,,,,,,,,,,,,,,,,,,1927342,True,False,False,1,32,False
13,2009-03-31,,,,851735.498,,442414.122,1593891.971,235783.739,,103613.259,172321.0,,1593891.971,,,,,,,,,,,,,,,,1927342,True,False,False,1,32,False
14,2010-03-31,,,,1087050.129,,462954.999,1619068.548,270700.543,,20241.123,173642.913,,1619068.548,,,,,,,,,,,,,,,,1927342,True,False,False,1,32,False
15,2009-03-31,3786879.581,-143841.23,131957.1,190550.37,3930720.811,,,,,,,,,,,,,,,,,,,,,,,,1927342,True,False,False,1,32,False
16,2010-03-31,3524682.454,41686.523,104408.489,242580.675,3482995.931,,,,,,,,,,,,,,,,,,,,,,,,1927342,True,False,False,1,32,False
17,2015-03-31,119946.734,17920.221,766.381,367.569,102026.513,23310.825,5900.0,,17266.726,18971.203,,9.008,43898.016,,12102.693,,601.694,6735.497,682.796,,,5817.528000000002,12102.693,6114.283,7350.0,,,,1929945,True,False,False,1,32,False
18,2018-03-31,442020.341,74248.578,1792.655,4846.709,367771.763,107516.277,10000.0,,97947.394,57763.491,,4262.066,189010.398,55814.952,52957.504,24506.086,7082.12,14605.639,7002.455,,,21291.073999999993,52957.504,13485.241,6350.0,,,,1929945,True,False,False,1,32,False
19,2019-03-31,625166.215,149061.472,451.77,5430.419,476104.743,220073.293,10000.0,,109347.04,169997.932,,12550.686,319960.561,54277.877,103346.036,20588.009,2993.676,19293.803,5376.026,,,45715.436000000016,103346.036,13977.126,,,,,1929945,True,False,False,1,32,False
20,2017-03-31,285787.359,20531.566,1540.539,3482.654,265255.793,50458.096,10000.0,,40660.696,45781.757,,515.639,109572.385,29069.739,14108.994,18063.239,2268.279,14471.618,5792.76,,,6422.571999999998,14108.994,11501.273,12350.0,,,,1929945,True,False,False,1,32,False
21,2020-03-31,628801.506,122755.925,453.048,3035.682,503621.898,249775.526,10000.0,,82224.584,160187.892,,6959.383,309255.697,42458.614,43013.889,,3594.203,21490.2,2399.939,496.815,33033.506,79742.036,43013.889,4224.841,,,,,1929945,True,False,False,1,32,False
22,2016-03-31,189498.584,20079.532,1168.533,1074.132,169419.052,36349.102,7500.0,,35555.279,23837.65,,,74051.175,14906.196,13038.277,4865.087,2204.788,10666.714,3314.291,,,7041.254999999999,13038.277,8038.815,12350.0,,,,1929945,True,False,False,1,32,False
23,2014-03-31,,,,,,11208.133,5900.0,,11137.897,14725.223,,,30538.062,,,1352.701,236.77,4490.042,429.109,,,,,3391.833,7350.0,,,,1929945,True,False,False,1,32,False
24,2013-03-31,,,,,,6541.599,4500.0,,8073.345,12.109,,,24577.354,,,1072.153,304.907,2806.429,422.935,,,,,556.896,9350.0,,,,1929945,True,False,False,1,32,False
25,2012-03-31,,,,,,-329.674,4500.0,,6493.199,1775.422,,158.334,9949.981,,,,129.355,850.301,581.695,,,,,87.331,4800.0,,,,1929945,True,False,False,1,32,False
26,2007-03-31,,,,1.014,,0.967,49.107,,,0.196,52.429,,49.107,,,,,,,,,,,,,,,,1930107,True,False,False,1,32,False
27,2008-03-31,,,,2.71,,3.232,51.045,,,5.171,53.905,,51.045,,,,,,,,,,,,,,,,1930107,True,False,False,1,32,False
28,2007-03-31,18.723,1.832,,1.014,16.891,,,,,,,,,,,,,,,,,,,,,,,,1930107,True,False,False,1,32,False
29,2008-03-31,40.708,2.061,,1.711,38.646,,,,,,,,,,,,,,,,,,,,,,,,1930107,True,False,False,1,32,False
30,2015-03-31,46869.445,7567.59,,10921.838,39301.855,67018.869,47500.0,,2385.294,44825.113,,,121175.317,,6050.98,,2107.83,596.762,78.84,22699.914,2593.562,1516.6100000000006,6050.98,5111.727,,32150.0,,,1930107,True,False,False,1,32,False
31,2015-03-31,46869.445,7567.59,,10921.838,39301.855,67018.869,47500.0,,2385.294,44825.113,,,121175.317,,6050.98,,2107.83,596.762,78.84,22699.914,2593.562,1516.6100000000006,6050.98,5111.727,,32150.0,,,1930107,True,False,False,1,32,False
32,2017-03-31,52477.824,10486.297,,10913.527,41991.527,82809.691,47500.0,,3806.776,58016.266,,68.565,133165.716,20979.959,6888.99,,1811.108,1044.917,37.248,902.499,1315.721,3597.3070000000007,6888.99,652.115,,61850.0,,,1930107,True,False,False,1,32,False
33,2016-03-31,50644.034,12027.196,,10965.471,38616.838,75920.701,47500.0,,2495.461,51253.443,,,129409.232,19985.068,8901.831,,2358.715,678.173,22.72,11790.555,2789.072,3125.365,8901.831,2957.259,,46299.999,,,1930107,True,False,False,1,32,False
34,2014-03-31,,,,,,60967.889,47500.0,,1992.826,11785.25,10500.0,,112981.16,,,,122.15,2293.224,112.609,33587.969,1104.103,,,12048.236,,31556.823,,,1930107,True,False,False,1,32,False
35,2010-03-31,,,,6669.385,,14958.142,62867.242,,,923.527,240.0,,62867.242,,,,,,,,,,,,,,,,1930107,True,False,False,1,32,False
36,2011-03-31,,,,8091.889,,24911.908,47500.0,,3852.268,18706.572,,,,,,,,,,,39081.739,,,,,,,,1930107,True,False,False,1,32,False
37,2009-03-31,,,,4630.743,,5619.489,53704.116,,,659.487,13240.515,,53704.116,,,,,,,,,,,,,,,,1930107,True,False,False,1,32,False
38,2012-03-31,,,,,,35518.3,47500.0,,4804.6,30090.795,9075.737,,93696.249,,,,10010.296,611.163,622.208,,1514.654,,,6406.128,,37182.124,,,1930107,True,False,False,1,32,False
39,2013-03-31,,,,,,51537.453,47500.0,,4004.45,28783.291,,8.127,106784.682,,,,6923.909,823.32,228.678,,1898.591,,,3440.282,,57987.002,,,1930107,True,False,False,1,32,False
40,2014-03-31,57689.465,11612.6,,10080.323,46076.865,,,,,,,,,,9430.436,,,,,,,2182.1640000000007,9430.436,,,,,,1930107,True,False,False,1,32,False
41,2010-03-31,48830.51,11226.125,,2248.867,37604.384,,,,,,,,,,,,,,,,,,,,,,,,1930107,True,False,False,1,32,False
42,2009-03-31,53410.101,3066.394,,2103.627,50343.706,,,,,,,,,,,,,,,,,,,,,,,,1930107,True,False,False,1,32,False
43,2012-03-31,47428.289,15175.092,,791.599,32253.197,,,,,,,,,,10606.391,,,,,,,4568.701000000001,10606.391,,,,,,1930107,True,False,False,1,32,False
44,2013-03-31,48862.877,21524.536,,393.529,27338.341,,,,,,,,,,16019.153,,,,,,,5505.383,16019.153,,,,,,1930107,True,False,False,1,32,False
45,2016-03-31,424624.421,,370.974,10501.061,347279.653,133096.81,5210.0,,105720.423,52988.985,991.914,,211725.545,90583.07,54987.492,,31051.888,23207.477,18810.71,4185.74,29027.77,,54987.492,,,,,,1931274,True,False,False,1,32,False
46,2017-03-31,784762.781,,27.056,17599.573,634478.281,226589.345,5210.0,,165988.551,108105.652,991.914,,383535.344,150161.506,95817.063,,20251.382,75660.041,36256.297,13235.727,58957.202,,95817.063,,1147.345,,,,1931274,True,False,False,1,32,False
47,2018-03-31,1042261.174,,464.207,29332.525,889340.01,328172.537,5200.0,,199907.83,142462.034,991.914,,485818.481,212593.572,102400.577,,27129.134,73442.33,48313.342,18221.282,75922.078,,102400.577,,,,,,1931274,True,False,False,1,32,False
48,2016-03-31,306056.902,39339.32,370.974,10418.458,266717.582,79873.685,5210.0,,50990.405,30907.101,996.514,,133280.237,60772.446,25644.595,,6174.339,23207.477,18657.146,4185.74,27543.328,13694.724999999999,25644.595,,,,,,1931274,True,False,False,1,32,False
49,2015-03-31,207539.152,32168.012,763.597,9441.544,175371.139,54229.089,5210.0,,39228.326,11840.484,804.6,,90135.901,,21100.099,3080.674,3827.514,4854.805,17717.776,3015.286,17529.426,11067.913,21100.099,,4006.91,,,,1931274,True,False,False,1,32,False
50,2018-03-31,847063.944,54457.822,464.207,28840.531,792606.122,210656.537,5200.0,,150905.564,63293.453,996.514,,350636.984,153579.684,24435.27,,15097.493,73442.33,48138.971,13616.731,73685.749,30022.552,24435.27,,,,,,1931274,True,False,False,1,32,False
51,2017-03-31,621163.608,91943.143,27.056,17282.74,529220.465,140715.924,5210.0,,106158.963,59111.026,996.514,,268417.505,98109.675,60842.239,,5090.999,75660.041,35915.153,8305.956,57929.891,31100.903999999995,60842.239,,1147.345,,,,1931274,True,False,False,1,32,False
52,2017-03-31,392430.795,-36173.193,24665.547,46318.8,428603.988,-17892.687,5500.0,,66094.319,616.32,,9709.643,201556.433,296845.693,-26001.49,65679.004,16124.526,52937.736,72660.465,79.83,10886.429,-10171.702999999998,-26001.49,27287.27,76628.799,9051.396,,,1932641,True,False,False,1,32,False
53,2016-03-31,411278.705,9199.673,19884.534,46920.664,402079.032,8108.803,5500.0,,73552.671,3490.803,,,219333.582,175129.431,7309.725,37618.191,10977.273,28525.848,122135.27,100.04,10202.29,1889.9480000000003,7309.725,795.73,119493.071,2340.641,3000.0,,1932641,True,False,False,1,32,False
54,2015-03-31,295227.426,6706.482,11217.806,19383.932,288520.944,6199.079,100.0,,49195.877,4330.152,2911.602,,155470.848,,3359.588,41650.169,11146.951,7489.788,90528.393,,2687.912,3346.894,3359.588,852.949,85926.782,,,,1932641,True,False,False,1,32,False
55,2014-03-31,,,,,,2840.621,100.0,,37926.324,2096.49,1211.602,,90242.141,,,15385.655,8274.321,19826.532,42798.755,,1737.69,,,436.493,39900.227,,,,1932641,True,False,False,1,32,False
56,2012-03-31,,,,,,173.928,100.0,,19286.578,171.75,,,23501.634,,,,10961.513,123.245,1486.956,,,,,,11852.706,,,,1932641,True,False,False,1,32,False
57,2013-03-31,,,,,,2664.425,100.0,,29483.572,269.183,200.0,,43681.519,,,7624.091,9733.629,1319.272,9684.925,,,,,804.052,21034.165,,,,1932641,True,False,False,1,32,False
58,2016-03-31,,-554.024,,,554.024,-554.024,100.0,,,107.5,,,215.125,69.023,-554.024,,,669.149,,,57.625,0.0,-554.024,50.0,,,,,1933811,True,False,False,1,32,False
59,2018-03-31,127115.74,-64378.371,631.968,2654.154,191494.111,16176.47,643.51,,40040.611,13318.723,,,67001.632,22082.38,-64435.341,,37669.896,7472.723,,,21.151,56.970000000001164,-64435.341,1156.345,5039.033,,,131695.895,1933811,True,False,False,1,32,False
60,2017-03-31,24193.352,-46281.809,196.544,816.909,70475.161,20637.535,618.81,1206.731,1351.902,21907.258,,56.97,37233.126,35800.802,-46224.839,,2903.185,13035.596,3073.652,,1327.466,-56.970000000001164,-46224.839,17.384,38.0,,,27922.645,1933811,True,False,False,1,32,False
61,2020-03-31,2.61,-25437.561,0.735,,25440.171,-10122.226,643.51,,,88.089,,,998.541,25439.436,-25437.561,,4082.123,1395.134,,,889.301,0.0,-25437.561,21.151,5000.0,,,,1933811,True,False,False,1,32,False
62,2019-03-31,4067.204,-861.135,521.878,,4928.339,15315.335,643.51,,,208.159,,,26399.762,4381.461,-861.135,,4050.323,1390.594,,,889.301,0.0,-861.135,21.151,5000.0,,,,1933811,True,False,False,1,32,False
63,2011-03-31,,,,31202.889,,53.932,186470.454,62928.738,,5148.453,619.5,,186470.454,,,,,,,,,,,,,,,,1935884,True,False,False,1,32,False
64,2012-03-31,,,,,,72095.88,10000.0,93793.36,86243.317,1836.797,2720.65,1196.291,410028.55,,,70383.05,43975.062,56780.993,179329.491,43.743,308.975,,,23177.551,147110.538,,234.408,,1935884,True,False,False,1,32,False
65,2020-03-31,6014.718,-31325.824,,788.638,37340.542,4044.764,906.41,,810.837,9367.892,,12020.5,25050.085,22355.069,-23579.824,,53.059,3139.852,880.777,,,-7746.0,-23579.824,1730.079,16906.0,,,,1935973,True,False,False,1,32,False
66,2019-03-31,763.864,-13937.372,,256.632,14701.236,27624.588,906.41,,,30648.169,,4274.5,36345.409,8325.398,-13937.372,,79.414,828.997,727.796,,,0.0,-13937.372,454.944,6906.0,,,,1935973,True,False,False,1,32,False
67,2018-03-31,1973.475,-2507.905,,0.56,4481.381,93.13,121.16,,,94.618,,655.484,769.767,2224.164,-1855.731,,21.24,453.846,9.596,,10.069,-652.1740000000002,-1855.731,,80.39,,,,1935973,True,False,False,1,32,False
68,2017-03-31,,-33.288,,,33.288,-29.978,100.0,,,66.712,,3.31,70.022,33.288,-29.978,,,,,,,-3.309999999999995,-29.978,,,,,,1935973,True,False,False,1,32,False
69,2007-03-31,,,,0.057,,,6.545,,,0.064,,,6.545,,,,,,,,,,,,,,,,1940224,True,False,False,1,32,False
70,2006-03-31,,,,0.049,,,5.745,,,0.067,,,5.745,,,,,,,,,,,,,,,,1940224,True,False,False,1,32,False
71,2007-03-31,,-0.026,,,0.026,,,,,,,,,,,,,,,,,,,,,,,,1940224,True,False,False,1,32,False
72,2016-03-31,,-387.515,0.282,,387.515,-38.19,13892.61,,,151.062,,4.082,14159.884,135.983,-388.038,44.214,,261.25,4878.471,,,0.5230000000000246,-388.038,8.871,,,,,1940224,True,False,False,1,32,False
73,2017-03-31,42.067,-1694.183,24.555,,1736.25,-1732.835,20000.0,,,1633.407,,3.621,19796.165,112.861,-1694.645,1500.0,,29.0,4878.471,5393.6,42.066,0.4619999999999891,-1694.645,,,,,,1940224,True,False,False,1,32,False
74,2015-03-31,1585.72,1188.373,0.573,,397.347,349.848,13892.61,,,269.083,,4.606,14269.558,,1192.281,,,27.1,4878.471,,,-3.9079999999999018,1192.281,,,,,,1940224,True,False,False,1,32,False
75,2014-03-31,,,,,,-829.787,5000.0,,,104.366,,0.698,13509.163,,,407.0,,4931.95,5280.554,,,,,,,,,,1940224,True,False,False,1,32,False
76,2008-03-31,,,,63.887,,,7045.953,,,27.941,,,7045.953,,,,,,,,,,,,,,,,1940224,True,False,False,1,32,False
77,2009-03-31,,,,69.346,,,13296.624,,,24.124,,,13296.624,,,,,,,,,,,,,,,,1940224,True,False,False,1,32,False
78,2010-03-31,,,,73.935,,,13296.806,,,12.453,,,13296.806,,,,,,,,,,,,,,,,1940224,True,False,False,1,32,False
79,2012-03-31,,,,,,-1125.8,5000.0,,,111.505,,0.409,12864.12,,,,,4974.92,5085.945,,16.716,,,,,,,,1940224,True,False,False,1,32,False
80,2011-03-31,,,,77.794,,,13796.806,,,284.151,,,13796.806,,,,,,,,,,,,,,,,1940224,True,False,False,1,32,False
81,2013-03-31,,,,,,-1011.228,5000.0,,,20.176,,0.58,13310.868,,,400.0,,4922.096,5158.209,,8.358,,,,,,,,1940224,True,False,False,1,32,False
82,2014-03-31,209.04,181.323,0.2,2.305,27.717,,,,,,,,,,181.441,,,,,,,-0.117999999999995,181.441,,,,,,1940224,True,False,False,1,32,False
83,2008-03-31,,-41.2,0.101,,41.2,,,,,,,,,,,,,,,,,,,,,,,,1940224,True,False,False,1,32,False
84,2009-03-31,,-48.257,3.984,,48.257,,,,,,,,,,,,,,,,,,,,,,,,1940224,True,False,False,1,32,False
85,2010-03-31,,-24.227,0.25,4.589,24.227,,,,,,,,,,,,,,,,,,,,,,,,1940224,True,False,False,1,32,False
86,2012-03-31,293.8,-731.818,0.695,3.248,1025.618,,,,,,,,,,-731.227,,,,,,,-0.5910000000000082,-731.227,,,,,,1940224,True,False,False,1,32,False
87,2011-03-31,,-251.55,0.302,3.86,251.55,,,,,,,,,,,,,,,,,,,,,,,,1940224,True,False,False,1,32,False
88,2013-03-31,318.24,114.401,71.509,2.736,203.839,,,,,,,,,,114.572,,,,,,,-0.17100000000000648,114.572,,,,,,1940224,True,False,False,1,32,False
89,2015-03-31,2248.25,-3293.965,204.947,946.921,5542.215,-4793.877,22600.0,,,40704.296,,,68617.623,,-3293.965,10000.0,35.795,282.71,11270.978,,,0.0,-3293.965,,6510.0,,,236.074,1940247,True,False,False,1,32,False
90,2010-03-31,,,,,,,2515.0,,,182.735,,,,,,,,,,,,,,,,,,,1940247,True,False,False,1,32,False
91,2012-03-31,,,,,,-1048.168,7515.0,,,423.748,,,6547.101,,,,11.679,68.59,2816.628,,,,,,,,,,1940247,True,False,False,1,32,False
92,2013-03-31,,,,,,-324.528,15655.0,,,3247.402,,,19181.197,,,,178.324,44.256,4412.543,,,,,4235.635,3337.882,,,,1940247,True,False,False,1,32,False
93,2009-03-31,,,,,,,1665.0,,,362.449,,,1665.0,,,,,,,,,,,,,,,,1940247,True,False,False,1,32,False
94,2014-03-31,,,,,,-3168.956,20305.0,,,647.141,,,24117.811,,,,71.103,7.778,12492.445,,,,,,3403.882,,3400.0,,1940247,True,False,False,1,32,False
95,2011-03-31,,,,22.972,,,4715.0,,,558.891,,,,,,,,,,,,,,,,,,,1940247,True,False,False,1,32,False
96,2015-03-31,938.471,710.499,,,227.972,11039.748,196.08,,,8174.08,,,11835.783,,631.79,,,434.57,,,1243.026,78.70900000000006,631.79,2418.677,,,,,1942637,True,False,False,1,32,False
97,2014-03-31,,,,,,10407.957,196.08,,,556.963,,,11094.777,,,34.57,,,,,537.814,,,,,10000.0,,,1942637,True,False,False,1,32,False
98,2007-03-31,,,,1163.681,,270.0,3500.488,13.522,,101.339,0.057,,3500.488,,,,,,,,,,,,,,,,1945858,True,False,False,1,32,False
99,2006-03-31,,,,967.707,,270.0,3395.76,13.562,,52.483,0.055,,3395.76,,,,,,,,,,,,,,,,1945858,True,False,False,1,32,False
100,2008-03-31,,,,1394.825,,270.0,3682.587,18.961,,107.396,0.059,,3682.587,,,,,,,,,,,,,,,,1945858,True,False,False,1,32,False
101,2008-03-31,,,,1394.825,,270.0,3682.587,18.961,,107.396,0.059,,3682.587,,,,,,,,,,,,,,,,1945858,True,False,False,1,32,False
102,2007-03-31,1512.86,-190.279,168.773,249.799,1703.139,,,,,,,,,,,,,,,,,,,,,,,,1945858,True,False,False,1,32,False
103,2006-03-31,1361.137,-239.289,144.723,251.107,1600.426,,,,,,,,,,,,,,,,,,,,,,,,1945858,True,False,False,1,32,False
104,2008-03-31,1666.909,-15.147,193.925,240.33,1682.056,,,,,,,,,,,,,,,,,,,,,,,,1945858,True,False,False,1,32,False
105,2008-03-31,1666.909,-15.147,193.925,240.33,1682.056,,,,,,,,,,,,,,,,,,,,,,,,1945858,True,False,False,1,32,False
106,2010-03-31,,,,2038488.375,,592282.16,1003579.21,16761.877,516567.037,140201.045,,,,,,,,,,,0.175,,,,,,,,1945858,True,False,False,1,32,False
107,2009-03-31,,,,1730943.151,,270000.0,4110057.939,17380.643,,101554.243,60.9,,4110057.939,,,,,,,,,,,,,,,,1945858,True,False,False,1,32,False
108,2009-03-31,1900769.105,-93353.87,261564.676,348292.122,1994122.975,,,,,,,,,,,,,,,,,,,,,,,,1945858,True,False,False,1,32,False
109,2018-03-31,61726.395,2752.946,5720.074,41.795,58973.449,2694.882,34000.0,30149.384,5912.045,5141.088,,,185809.837,9934.771,2710.973,87116.205,2817.534,9635.956,9325.642,,2836.876,41.972999999999956,2710.973,132100.0,42081.183,,,6912.382,1949870,True,False,False,1,32,False
110,2020-03-31,180553.392,-2589.388,13244.879,7544.598,183142.78,5089.34,34000.0,20277.466,2808.728,2876.59,,757.927,208507.717,38066.129,-2326.542,116235.389,3337.391,14601.227,43096.426,,1648.543,-262.846,-2326.542,132100.0,27151.251,,,18820.627,1949870,True,False,False,1,32,False
111,2017-03-31,,-16.091,,,16.091,-16.091,100.0,,,88.909,,,88.909,11.091,-16.091,,,5.0,,,,0.0,-16.091,,,,,,1949870,True,False,False,1,32,False
112,2019-03-31,160505.621,5007.06,11946.069,4344.898,155498.561,7415.882,34000.0,18440.509,2479.823,1259.963,,391.135,211217.886,10864.735,4720.999,104321.921,5359.723,15893.786,46751.555,,4399.768,286.0610000000006,4720.999,132100.0,34804.105,,,18624.633,1949870,True,False,False,1,32,False
113,2019-03-31,86564.802,-185304.735,64767.388,9889.815,271869.537,114449.578,129658.0,60149.361,21717.459,34406.529,,44410.939,992629.988,180740.629,-149908.541,95278.49,2079.2,192202.076,17231.902,289.894,33409.583,-35396.19399999999,-149908.541,308657.065,215461.798,110255.0,34817.173,,1951127,True,False,False,1,32,False
114,2017-03-31,169568.392,17455.589,74845.43,11652.17,152112.803,266760.377,129658.0,78079.26,3826.064,81210.373,,3410.623,1260255.009,50378.185,11596.827,317534.096,13669.83,133153.696,38066.347,2265.694,18995.855,5858.762000000001,11596.827,479239.767,348120.761,115162.184,16910.5,,1951127,True,False,False,1,32,False
115,2015-03-31,64567.14,11803.577,18460.605,6513.921,52763.563,187369.417,97148.0,105377.069,1535.4,26872.586,,,528742.775,,7939.046,88535.327,570.082,45317.482,14070.924,2461.147,7734.398,3864.530999999999,7939.046,211705.535,83844.396,66788.504,1872.5,,1951127,True,False,False,1,32,False
116,2016-03-31,113293.332,14507.66,56569.252,9800.912,98785.672,255163.55,129658.0,75579.26,915.641,43308.334,,1123.994,934655.582,24025.611,9803.888,101769.834,1199.3,74479.711,28855.146,857.928,10024.457,4703.771999999999,9803.888,179879.869,331487.079,108952.403,12972.5,,1951127,True,False,False,1,32,False
117,2018-03-31,168643.241,8777.094,81883.149,14423.389,159866.147,267880.842,129658.0,79718.76,6958.962,25516.31,,8391.476,1119302.176,50631.728,4637.416,108163.603,1873.603,150492.108,29605.121,888.305,60748.393,4139.677999999999,4637.416,194405.874,341356.204,112763.21,59527.165,,1951127,True,False,False,1,32,False
118,2020-03-31,38694.841,-119064.331,40589.805,5247.474,157759.172,-4614.753,129658.0,30639.7,,35969.226,,44410.939,748458.032,73849.143,-119064.331,78141.48,1357.582,316338.786,9519.147,106.936,31097.085,0.0,-119064.331,525805.399,,70909.6,2500.0,,1951127,True,False,False,1,32,False
119,2009-03-31,,,,192.085,,75907.646,161539.082,,,90263.951,2050.0,,161539.082,,,,,,,,,,,,,,,,1951127,True,False,False,1,32,False
120,2012-03-31,,,,,,118532.729,75668.0,65288.537,,28440.728,,424.448,275245.718,,,19000.0,1170.261,31848.087,6418.749,15.4,14880.67,,,91755.616,21692.455,30220.57,,,1951127,True,False,False,1,32,False
121,2010-03-31,,,,1286.53,,116394.169,195892.382,1696.124,,98274.319,2050.0,116.621,195892.382,,,,,,,,,,,,,,,,1951127,True,False,False,1,32,False
122,2014-03-31,,,,,,185335.315,97148.0,24193.107,,25693.543,,523.888,316262.819,,,7463.76,1429.191,1487.157,8094.396,863.978,4182.007,,,136527.564,3333.059,14446.693,,,1951127,True,False,False,1,32,False
123,2011-03-31,,,,2527.282,,117639.161,229900.309,987.568,,29938.432,58000.57,298.126,229900.309,,,,,,,,,,,,,,,,1951127,True,False,False,1,32,False
124,2013-03-31,,,,,,125015.307,75668.0,41475.562,,13172.882,,468.19,234938.905,,,12129.26,7416.112,1699.846,5368.092,9.24,2780.23,,,102763.709,1250.249,7500.0,,,1951127,True,False,False,1,32,False
125,2012-03-31,27518.908,4660.126,5147.477,1931.96,22858.782,,,,,,,,,,3531.868,,,,,,,1128.2580000000003,3531.868,,,,,,1951127,True,False,False,1,32,False
